                   0--> (0 0 0 0) -> ( 0 0 0 0)
                  10--> (0 0 0 1) -> ( 1 0 0 0)
                  20--> (0 0 0 2) -> ( 2 0 0 0)
                  30--> (0 0 0 3) -> ( 3 0 0 0)
                  40--> (0 0 1 0) -> ( 1 0 0 0)
                  50--> (0 0 1 1) -> ( 1 1 0 0)
                  60--> (0 0 1 2) -> ( 2 1 0 0)
                  70--> (0 0 1 3) -> ( 3 1 0 0)
                  80--> (0 0 2 0) -> ( 2 0 0 0)
                  90--> (0 0 2 1) -> ( 2 1 0 0)
                 100--> (0 0 2 2) -> ( 2 2 0 0)
                 110--> (0 0 2 3) -> ( 3 2 0 0)
                 120--> (0 0 3 0) -> ( 3 0 0 0)
                 130--> (0 0 3 1) -> ( 3 1 0 0)
                 140--> (0 0 3 2) -> ( 3 2 0 0)
                 150--> (0 0 3 3) -> ( 3 3 0 0)
                 160--> (0 1 0 0) -> ( 1 0 0 0)
                 170--> (0 1 0 1) -> ( 1 1 0 0)
                 180--> (0 1 0 2) -> ( 2 1 0 0)
                 190--> (0 1 0 3) -> ( 3 1 0 0)
                 200--> (0 1 1 0) -> ( 1 1 0 0)
                 210--> (0 1 1 1) -> ( 1 1 1 0)
                 220--> (0 1 1 2) -> ( 2 1 1 0)
                 230--> (0 1 1 3) -> ( 3 1 1 0)
                 240--> (0 1 2 0) -> ( 2 1 0 0)
                 250--> (0 1 2 1) -> ( 2 1 1 0)
                 260--> (0 1 2 2) -> ( 2 2 1 0)
                 270--> (0 1 2 3) -> ( 3 2 1 0)
                 280--> (0 1 3 0) -> ( 3 1 0 0)
                 290--> (0 1 3 1) -> ( 3 1 1 0)
                 300--> (0 1 3 2) -> ( 3 2 1 0)
                 310--> (0 1 3 3) -> ( 3 3 1 0)
                 320--> (0 2 0 0) -> ( 2 0 0 0)
                 330--> (0 2 0 1) -> ( 2 1 0 0)
                 340--> (0 2 0 2) -> ( 2 2 0 0)
                 350--> (0 2 0 3) -> ( 3 2 0 0)
                 360--> (0 2 1 0) -> ( 2 1 0 0)
                 370--> (0 2 1 1) -> ( 2 1 1 0)
                 380--> (0 2 1 2) -> ( 2 2 1 0)
                 390--> (0 2 1 3) -> ( 3 2 1 0)
                 400--> (0 2 2 0) -> ( 2 2 0 0)
                 410--> (0 2 2 1) -> ( 2 2 1 0)
                 420--> (0 2 2 2) -> ( 2 2 2 0)
                 430--> (0 2 2 3) -> ( 3 2 2 0)
                 440--> (0 2 3 0) -> ( 3 2 0 0)
                 450--> (0 2 3 1) -> ( 3 2 1 0)
                 460--> (0 2 3 2) -> ( 3 2 2 0)
                 470--> (0 2 3 3) -> ( 3 3 2 0)
                 480--> (0 3 0 0) -> ( 3 0 0 0)
                 490--> (0 3 0 1) -> ( 3 1 0 0)
                 500--> (0 3 0 2) -> ( 3 2 0 0)
                 510--> (0 3 0 3) -> ( 3 3 0 0)
                 520--> (0 3 1 0) -> ( 3 1 0 0)
                 530--> (0 3 1 1) -> ( 3 1 1 0)
                 540--> (0 3 1 2) -> ( 3 2 1 0)
                 550--> (0 3 1 3) -> ( 3 3 1 0)
                 560--> (0 3 2 0) -> ( 3 2 0 0)
                 570--> (0 3 2 1) -> ( 3 2 1 0)
                 580--> (0 3 2 2) -> ( 3 2 2 0)
                 590--> (0 3 2 3) -> ( 3 3 2 0)
                 600--> (0 3 3 0) -> ( 3 3 0 0)
                 610--> (0 3 3 1) -> ( 3 3 1 0)
                 620--> (0 3 3 2) -> ( 3 3 2 0)
                 630--> (0 3 3 3) -> ( 3 3 3 0)
                 640--> (1 0 0 0) -> ( 1 0 0 0)
                 650--> (1 0 0 1) -> ( 1 1 0 0)
                 660--> (1 0 0 2) -> ( 2 1 0 0)
                 670--> (1 0 0 3) -> ( 3 1 0 0)
                 680--> (1 0 1 0) -> ( 1 1 0 0)
                 690--> (1 0 1 1) -> ( 1 1 1 0)
                 700--> (1 0 1 2) -> ( 2 1 1 0)
                 710--> (1 0 1 3) -> ( 3 1 1 0)
                 720--> (1 0 2 0) -> ( 2 1 0 0)
                 730--> (1 0 2 1) -> ( 2 1 1 0)
                 740--> (1 0 2 2) -> ( 2 2 1 0)
                 750--> (1 0 2 3) -> ( 3 2 1 0)
                 760--> (1 0 3 0) -> ( 3 1 0 0)
                 770--> (1 0 3 1) -> ( 3 1 1 0)
                 780--> (1 0 3 2) -> ( 3 2 1 0)
                 790--> (1 0 3 3) -> ( 3 3 1 0)
                 800--> (1 1 0 0) -> ( 1 1 0 0)
                 810--> (1 1 0 1) -> ( 1 1 1 0)
                 820--> (1 1 0 2) -> ( 2 1 1 0)
                 830--> (1 1 0 3) -> ( 3 1 1 0)
                 840--> (1 1 1 0) -> ( 1 1 1 0)
                 850--> (1 1 1 1) -> ( 1 1 1 1)
                 860--> (1 1 1 2) -> ( 2 1 1 1)
                 870--> (1 1 1 3) -> ( 3 1 1 1)
                 880--> (1 1 2 0) -> ( 2 1 1 0)
                 890--> (1 1 2 1) -> ( 2 1 1 1)
                 900--> (1 1 2 2) -> ( 2 2 1 1)
                 910--> (1 1 2 3) -> ( 3 2 1 1)
                 920--> (1 1 3 0) -> ( 3 1 1 0)
                 930--> (1 1 3 1) -> ( 3 1 1 1)
                 940--> (1 1 3 2) -> ( 3 2 1 1)
                 950--> (1 1 3 3) -> ( 3 3 1 1)
                 960--> (1 2 0 0) -> ( 2 1 0 0)
                 970--> (1 2 0 1) -> ( 2 1 1 0)
                 980--> (1 2 0 2) -> ( 2 2 1 0)
                 990--> (1 2 0 3) -> ( 3 2 1 0)
                1000--> (1 2 1 0) -> ( 2 1 1 0)
                1010--> (1 2 1 1) -> ( 2 1 1 1)
                1020--> (1 2 1 2) -> ( 2 2 1 1)
                1030--> (1 2 1 3) -> ( 3 2 1 1)
                1040--> (1 2 2 0) -> ( 2 2 1 0)
                1050--> (1 2 2 1) -> ( 2 2 1 1)
                1060--> (1 2 2 2) -> ( 2 2 2 1)
                1070--> (1 2 2 3) -> ( 3 2 2 1)
                1080--> (1 2 3 0) -> ( 3 2 1 0)
                1090--> (1 2 3 1) -> ( 3 2 1 1)
                1100--> (1 2 3 2) -> ( 3 2 2 1)
                1110--> (1 2 3 3) -> ( 3 3 2 1)
                1120--> (1 3 0 0) -> ( 3 1 0 0)
                1130--> (1 3 0 1) -> ( 3 1 1 0)
                1140--> (1 3 0 2) -> ( 3 2 1 0)
                1150--> (1 3 0 3) -> ( 3 3 1 0)
                1160--> (1 3 1 0) -> ( 3 1 1 0)
                1170--> (1 3 1 1) -> ( 3 1 1 1)
                1180--> (1 3 1 2) -> ( 3 2 1 1)
                1190--> (1 3 1 3) -> ( 3 3 1 1)
                1200--> (1 3 2 0) -> ( 3 2 1 0)
                1210--> (1 3 2 1) -> ( 3 2 1 1)
                1220--> (1 3 2 2) -> ( 3 2 2 1)
                1230--> (1 3 2 3) -> ( 3 3 2 1)
                1240--> (1 3 3 0) -> ( 3 3 1 0)
                1250--> (1 3 3 1) -> ( 3 3 1 1)
                1260--> (1 3 3 2) -> ( 3 3 2 1)
                1270--> (1 3 3 3) -> ( 3 3 3 1)
                1280--> (2 0 0 0) -> ( 2 0 0 0)
                1290--> (2 0 0 1) -> ( 2 1 0 0)
                1300--> (2 0 0 2) -> ( 2 2 0 0)
                1310--> (2 0 0 3) -> ( 3 2 0 0)
                1320--> (2 0 1 0) -> ( 2 1 0 0)
                1330--> (2 0 1 1) -> ( 2 1 1 0)
                1340--> (2 0 1 2) -> ( 2 2 1 0)
                1350--> (2 0 1 3) -> ( 3 2 1 0)
                1360--> (2 0 2 0) -> ( 2 2 0 0)
                1370--> (2 0 2 1) -> ( 2 2 1 0)
                1380--> (2 0 2 2) -> ( 2 2 2 0)
                1390--> (2 0 2 3) -> ( 3 2 2 0)
                1400--> (2 0 3 0) -> ( 3 2 0 0)
                1410--> (2 0 3 1) -> ( 3 2 1 0)
                1420--> (2 0 3 2) -> ( 3 2 2 0)
                1430--> (2 0 3 3) -> ( 3 3 2 0)
                1440--> (2 1 0 0) -> ( 2 1 0 0)
                1450--> (2 1 0 1) -> ( 2 1 1 0)
                1460--> (2 1 0 2) -> ( 2 2 1 0)
                1470--> (2 1 0 3) -> ( 3 2 1 0)
                1480--> (2 1 1 0) -> ( 2 1 1 0)
                1490--> (2 1 1 1) -> ( 2 1 1 1)
                1500--> (2 1 1 2) -> ( 2 2 1 1)
                1510--> (2 1 1 3) -> ( 3 2 1 1)
                1520--> (2 1 2 0) -> ( 2 2 1 0)
                1530--> (2 1 2 1) -> ( 2 2 1 1)
                1540--> (2 1 2 2) -> ( 2 2 2 1)
                1550--> (2 1 2 3) -> ( 3 2 2 1)
                1560--> (2 1 3 0) -> ( 3 2 1 0)
                1570--> (2 1 3 1) -> ( 3 2 1 1)
                1580--> (2 1 3 2) -> ( 3 2 2 1)
                1590--> (2 1 3 3) -> ( 3 3 2 1)
                1600--> (2 2 0 0) -> ( 2 2 0 0)
                1610--> (2 2 0 1) -> ( 2 2 1 0)
                1620--> (2 2 0 2) -> ( 2 2 2 0)
                1630--> (2 2 0 3) -> ( 3 2 2 0)
                1640--> (2 2 1 0) -> ( 2 2 1 0)
                1650--> (2 2 1 1) -> ( 2 2 1 1)
                1660--> (2 2 1 2) -> ( 2 2 2 1)
                1670--> (2 2 1 3) -> ( 3 2 2 1)
                1680--> (2 2 2 0) -> ( 2 2 2 0)
                1690--> (2 2 2 1) -> ( 2 2 2 1)
                1700--> (2 2 2 2) -> ( 2 2 2 2)
                1710--> (2 2 2 3) -> ( 3 2 2 2)
                1720--> (2 2 3 0) -> ( 3 2 2 0)
                1730--> (2 2 3 1) -> ( 3 2 2 1)
                1740--> (2 2 3 2) -> ( 3 2 2 2)
                1750--> (2 2 3 3) -> ( 3 3 2 2)
                1760--> (2 3 0 0) -> ( 3 2 0 0)
                1770--> (2 3 0 1) -> ( 3 2 1 0)
                1780--> (2 3 0 2) -> ( 3 2 2 0)
                1790--> (2 3 0 3) -> ( 3 3 2 0)
                1800--> (2 3 1 0) -> ( 3 2 1 0)
                1810--> (2 3 1 1) -> ( 3 2 1 1)
                1820--> (2 3 1 2) -> ( 3 2 2 1)
                1830--> (2 3 1 3) -> ( 3 3 2 1)
                1840--> (2 3 2 0) -> ( 3 2 2 0)
                1850--> (2 3 2 1) -> ( 3 2 2 1)
                1860--> (2 3 2 2) -> ( 3 2 2 2)
                1870--> (2 3 2 3) -> ( 3 3 2 2)
                1880--> (2 3 3 0) -> ( 3 3 2 0)
                1890--> (2 3 3 1) -> ( 3 3 2 1)
                1900--> (2 3 3 2) -> ( 3 3 2 2)
                1910--> (2 3 3 3) -> ( 3 3 3 2)
                1920--> (3 0 0 0) -> ( 3 0 0 0)
                1930--> (3 0 0 1) -> ( 3 1 0 0)
                1940--> (3 0 0 2) -> ( 3 2 0 0)
                1950--> (3 0 0 3) -> ( 3 3 0 0)
                1960--> (3 0 1 0) -> ( 3 1 0 0)
                1970--> (3 0 1 1) -> ( 3 1 1 0)
                1980--> (3 0 1 2) -> ( 3 2 1 0)
                1990--> (3 0 1 3) -> ( 3 3 1 0)
                2000--> (3 0 2 0) -> ( 3 2 0 0)
                2010--> (3 0 2 1) -> ( 3 2 1 0)
                2020--> (3 0 2 2) -> ( 3 2 2 0)
                2030--> (3 0 2 3) -> ( 3 3 2 0)
                2040--> (3 0 3 0) -> ( 3 3 0 0)
                2050--> (3 0 3 1) -> ( 3 3 1 0)
                2060--> (3 0 3 2) -> ( 3 3 2 0)
                2070--> (3 0 3 3) -> ( 3 3 3 0)
                2080--> (3 1 0 0) -> ( 3 1 0 0)
                2090--> (3 1 0 1) -> ( 3 1 1 0)
                2100--> (3 1 0 2) -> ( 3 2 1 0)
                2110--> (3 1 0 3) -> ( 3 3 1 0)
                2120--> (3 1 1 0) -> ( 3 1 1 0)
                2130--> (3 1 1 1) -> ( 3 1 1 1)
                2140--> (3 1 1 2) -> ( 3 2 1 1)
                2150--> (3 1 1 3) -> ( 3 3 1 1)
                2160--> (3 1 2 0) -> ( 3 2 1 0)
                2170--> (3 1 2 1) -> ( 3 2 1 1)
                2180--> (3 1 2 2) -> ( 3 2 2 1)
                2190--> (3 1 2 3) -> ( 3 3 2 1)
                2200--> (3 1 3 0) -> ( 3 3 1 0)
                2210--> (3 1 3 1) -> ( 3 3 1 1)
                2220--> (3 1 3 2) -> ( 3 3 2 1)
                2230--> (3 1 3 3) -> ( 3 3 3 1)
                2240--> (3 2 0 0) -> ( 3 2 0 0)
                2250--> (3 2 0 1) -> ( 3 2 1 0)
                2260--> (3 2 0 2) -> ( 3 2 2 0)
                2270--> (3 2 0 3) -> ( 3 3 2 0)
                2280--> (3 2 1 0) -> ( 3 2 1 0)
                2290--> (3 2 1 1) -> ( 3 2 1 1)
                2300--> (3 2 1 2) -> ( 3 2 2 1)
                2310--> (3 2 1 3) -> ( 3 3 2 1)
                2320--> (3 2 2 0) -> ( 3 2 2 0)
                2330--> (3 2 2 1) -> ( 3 2 2 1)
                2340--> (3 2 2 2) -> ( 3 2 2 2)
                2350--> (3 2 2 3) -> ( 3 3 2 2)
                2360--> (3 2 3 0) -> ( 3 3 2 0)
                2370--> (3 2 3 1) -> ( 3 3 2 1)
                2380--> (3 2 3 2) -> ( 3 3 2 2)
                2390--> (3 2 3 3) -> ( 3 3 3 2)
                2400--> (3 3 0 0) -> ( 3 3 0 0)
                2410--> (3 3 0 1) -> ( 3 3 1 0)
                2420--> (3 3 0 2) -> ( 3 3 2 0)
                2430--> (3 3 0 3) -> ( 3 3 3 0)
                2440--> (3 3 1 0) -> ( 3 3 1 0)
                2450--> (3 3 1 1) -> ( 3 3 1 1)
                2460--> (3 3 1 2) -> ( 3 3 2 1)
                2470--> (3 3 1 3) -> ( 3 3 3 1)
                2480--> (3 3 2 0) -> ( 3 3 2 0)
                2490--> (3 3 2 1) -> ( 3 3 2 1)
                2500--> (3 3 2 2) -> ( 3 3 2 2)
                2510--> (3 3 2 3) -> ( 3 3 3 2)
                2520--> (3 3 3 0) -> ( 3 3 3 0)
                2530--> (3 3 3 1) -> ( 3 3 3 1)
                2540--> (3 3 3 2) -> ( 3 3 3 2)
                2550--> (3 3 3 3) -> ( 3 3 3 3)
